110
90 40 40 40 64 38 18 19 97 94 24 81 7 97 16 66 79 37 31 12 23 97 34 50 50 7 91 77 1 45 99 54 18 29 68 27 49 93 71 97 47 42 11 94 81 75 41 46 6 5 36 78 21 21 19 86 28 86 44 40 66 4 23 37 86 19 22 78 89 85 98 49 90 85 74 33 49 90 67 6 45 37 65 44 87 23 23 46 43 91 12 4 96 32 15 51 27 39 87 30 100 76 3 44 92 84 20 19 93 45
23 22 53 1 5 25 95 15 94 51 80 41 36 67 61 82 34 100 3 80 45 98 11 11 10 97 31 51 48 84 77 20 48 92 67 79 36 52 100 22 6 75 39 49 74 97 73 47 4 76 39 90 97 69 57 26 75 49 49 30 98 94 91 73 36 67 14 97 21 4 56 83 36 73 15 84 79 92 12 36 54 91 1 69 25 33 26 12 51 52 94 77 51 22 19 68 44 75 21 96 64 85 7 32 55 75 50 40 93 22
14 72 59 86 38 19 9 39 72 86 90 10 53 49 70 94 92 32 12 5 7 45 87 12 47 71 43 24 25 26 63 87 5 87 48 57 39 69 72 56 95 55 54 19 41 99 51 4 37 30 96 26 75 46 90 72 37 22 34 60 46 6 41 63 37 41 36 78 19 61 33 93 78 42 71 36 44 35 81 13 36 96 83 11 5 65 1 64 51 38 99 46 33 31 7 67 3 94 75 57 95 100 28 6 21 61 46 49 6 68
75 45 85 70 79 57 27 70 51 79 25 98 20 34 94 42 69 14 38 53 4 45 35 72 54 50 76 44 41 70 3 14 73 51 47 8 21 24 30 15 5 46 54 70 44 11 46 49 89 27 16 58 64 44 86 83 87 81 35 71 97 55 54 38 74 27 70 83 87 40 9 12 88 19 32 89 4 93 9 56 35 10 19 56 67 41 24 58 95 93 45 10 37 95 5 71 70 62 96 62 98 70 18 47 12 56 73 52 12 12
40 90 23 90 73 62 76 9 100 74 10 80 47 97 6 76 47 8 94 51 24 85 62 5 99 93 23 62 27 29 60 43 18 81 82 39 23 63 11 25 19 1 6 37 50 54 33 55 71 78 60 79 30 75 7 24 4 97 24 60 27 90 67 71 97 28 36 32 38 76 63 41 48 4 16 99 25 44 80 47 65 95 93 9 67 24 72 7 89 24 48 9 87 64 85 41 23 95 99 75 36 52 94 80 81 34 20 82 84 50
17 13 38 75 80 1 58 4 44 73 25 1 48 98 82 26 71 45 81 58 37 14 83 25 73 35 92 86 33 80 52 28 69 41 81 94 16 83 48 67 12 20 48 82 20 68 16 15 13 3 81 17 93 37 40 53 48 37 42 43 28 7 23 38 11 67 24 19 76 32 93 90 16 81 28 62 16 53 65 23 81 62 71 61 65 26 32 46 71 60 23 58 19 27 2 36 85 55 55 62 35 84 64 22 100 64 84 81 61 23
29 37 53 58 47 17 72 5 94 47 63 45 35 12 62 89 23 40 22 80 69 95 86 68 70 79 49 99 1 70 60 59 72 86 6 85 92 25 47 81 84 97 73 15 74 90 23 8 2 46 49 74 1 47 94 55 29 18 99 74 91 75 53 31 98 29 20 74 15 87 63 98 24 35 24 94 20 38 23 4 90 81 57 36 28 13 63 36 34 79 27 7 92 73 4 69 37 35 17 85 6 65 66 55 44 30 33 73 90 18
88 99 46 95 26 15 32 28 25 61 81 16 95 32 5 45 68 51 69 35 40 77 6 75 82 47 4 57 78 30 32 65 61 39 20 5 75 87 76 99 88 65 86 21 94 96 72 2 16 4 24 4 62 98 52 36 80 18 17 74 23 19 88 81 89 76 8 77 76 94 69 76 61 59 60 42 86 20 3 62 80 35 85 94 53 23 78 19 81 4 44 76 3 46 15 43 7 1 59 40 28 21 5 94 100 85 93 11 17 27
91 93 27 75 57 52 87 79 86 17 91 42 65 49 98 15 72 7 71 7 86 92 29 53 28 59 49 60 78 26 4 11 5 80 17 69 36 9 36 96 61 44 11 21 15 13 79 29 25 99 44 73 15 9 39 71 100 11 83 31 95 76 91 71 89 85 45 33 71 90 46 30 81 71 64 72 27 95 11 87 35 2 77 78 70 100 88 67 22 74 1 98 54 33 75 37 39 10 89 77 54 3 59 64 16 48 39 98 16 74
49 35 78 37 73 17 10 57 21 30 90 71 3 84 57 69 80 57 86 62 98 1 87 58 32 29 97 88 67 67 47 99 37 44 57 17 72 62 29 82 22 20 8 71 1 93 62 71 48 60 69 64 14 36 2 56 56 10 87 3 45 89 74 25 95 43 94 42 12 73 31 69 72 76 28 7 89 52 38 59 8 25 79 90 73 74 76 42 68 89 17 45 88 85 48 78 4 41 90 66 87 51 43 90 47 6 71 56 3 96
75 33 98 16 93 11 6 77 63 76 48 18 75 54 45 15 20 25 15 67 27 83 82 1 80 6 66 57 49 11 50 30 40 30 45 20 19 14 39 5 88 54 23 12 52 17 76 78 5 95 53 52 39 70 60 4 42 25 78 71 71 79 58 11 38 82 16 68 87 7 29 32 30 6 70 52 43 65 14 43 18 12 81 57 47 83 84 38 62 28 32 17 49 95 9 46 5 18 68 33 6 71 32 99 39 90 81 39 45 2
76 34 72 44 78 36 17 72 66 33 52 22 13 94 39 59 87 7 1 15 30 15 22 79 19 61 40 48 11 21 36 53 40 95 19 67 95 100 75 66 32 12 66 85 97 24 58 77 17 51 76 94 61 93 67 89 17 89 34 44 29 42 76 47 20 94 61 96 37 29 62 27 51 97 58 86 12 71 6 40 64 30 18 91 70 93 87 14 65 97 46 89 21 30 80 54 69 70 64 32 52 44 69 98 69 60 36 38 49 50
49 80 34 7 21 11 69 56 85 29 52 18 65 78 20 97 29 91 76 2 62 97 92 59 77 81 17 28 22 5 71 92 37 66 6 93 62 32 9 10 2 14 28 88 98 93 86 51 27 29 72 17 59 65 17 38 73 29 87 45 34 1 84 3 66 66 63 77 29 72 72 51 68 50 58 93 59 39 50 68 78 82 25 16 15 55 26 15 29 25 71 41 63 100 91 91 28 63 65 44 81 71 20 100 83 86 51 1 77 96
91 25 20 93 25 67 54 92 47 34 39 83 82 98 43 69 8 99 3 99 11 88 54 96 45 35 56 67 16 34 36 71 86 11 33 3 69 71 68 62 55 21 56 44 78 33 30 12 24 42 54 19 49 49 35 8 70 83 51 11 42 23 45 83 33 21 97 96 41 71 67 23 74 36 90 13 50 85 48 76 60 65 87 59 12 15 3 33 32 8 59 71 62 4 54 65 81 68 85 20 100 52 75 86 5 57 63 11 87 53
46 19 69 65 72 31 33 9 92 90 81 80 84 11 89 25 46 85 12 77 51 87 23 97 61 46 45 16 39 35 6 29 11 22 48 1 6 27 7 50 87 19 29 77 79 75 80 27 66 36 6 76 1 68 93 85 24 63 6 31 83 3 30 69 58 27 47 51 74 74 44 16 61 61 31 72 92 24 63 72 36 51 39 99 43 78 5 83 44 30 91 15 78 53 80 43 83 83 48 45 11 21 80 74 94 33 59 48 35 76
56 20 20 99 69 84 55 41 70 15 95 58 89 47 49 91 50 77 63 54 87 1 51 84 54 57 22 69 46 7 20 9 96 61 6 56 29 92 86 96 77 58 27 68 22 8 56 5 25 85 93 28 58 17 1 27 32 81 56 89 18 9 26 74 74 3 31 69 91 66 28 13 16 14 18 34 67 28 7 80 64 87 80 54 35 12 77 61 5 13 17 18 94 62 52 99 33 29 51 23 54 3 92 72 26 34 3 57 38 84
39 25 94 15 49 43 89 89 28 76 36 16 73 34 31 17 89 98 15 38 74 42 98 49 58 74 31 14 17 10 92 42 95 25 8 33 95 96 69 85 41 93 81 56 35 50 5 93 68 21 11 43 67 82 77 71 4 92 83 64 81 62 45 97 42 11 16 23 14 64 59 42 23 69 1 20 97 19 24 5 54 38 68 30 81 30 25 66 39 68 35 54 86 86 3 33 86 65 87 34 26 39 25 61 24 72 7 13 52 74
40 36 78 71 4 30 33 90 5 71 78 62 34 35 61 48 89 76 81 14 13 35 1 44 95 100 13 18 22 10 100 66 12 14 18 57 81 6 48 73 41 59 63 56 16 95 12 59 13 46 87 19 61 10 44 46 87 82 29 55 7 62 91 70 91 30 77 82 33 93 85 44 21 8 98 100 22 29 49 43 96 70 9 41 55 85 95 63 75 22 32 56 72 75 42 78 96 91 98 99 6 96 59 31 8 47 13 91 80 4
85 93 63 12 8 35 32 17 76 28 22 19 90 71 15 18 87 82 63 67 52 22 50 15 25 83 99 81 30 42 73 12 8 82 26 9 56 5 30 49 85 97 55 58 75 96 5 48 40 11 66 100 69 17 18 65 10 13 49 75 74 3 74 80 67 76 12 68 5 97 67 99 42 36 55 44 27 22 82 95 20 44 78 53 46 20 77 94 69 36 52 31 50 97 18 73 97 16 59 98 82 7 81 44 25 7 89 63 3 23
8 82 99 79 55 38 3 99 25 39 61 16 19 54 28 42 3 12 70 34 33 99 6 84 13 1 22 78 83 3 26 36 65 48 52 39 97 66 10 79 23 29 31 62 38 25 33 18 29 1 48 60 75 15 46 13 23 59 95 16 49 39 24 55 83 33 81 7 21 1 1 21 56 4 6 68 33 54 72 29 71 29 97 37 30 8 89 29 16 33 37 65 69 43 70 25 68 81 84 49 19 10 41 77 57 89 52 46 56 23
73 18 16 56 68 70 10 36 43 43 81 11 22 79 53 82 48 51 48 81 61 86 26 32 43 89 53 100 83 3 79 16 100 95 57 8 68 25 94 49 87 2 64 68 55 10 2 4 18 38 1 72 13 22 77 57 53 67 39 45 29 24 33 61 11 3 13 48 37 28 18 13 54 55 11 47 33 27 17 28 32 99 53 80 1 87 77 3 60 29 2 23 17 50 22 75 82 48 55 97 86 71 87 78 40 14 85 74 43 82
47 1 47 82 68 76 8 48 53 10 67 79 69 19 33 48 100 34 5 14 25 56 28 32 52 39 57 93 82 25 95 53 49 43 50 93 20 46 69 45 39 100 54 27 47 7 69 4 25 88 38 54 21 12 24 91 69 82 7 19 13 62 11 14 19 47 15 12 76 14 26 8 82 94 23 78 30 23 17 4 44 89 43 39 13 50 74 34 69 11 22 95 9 32 60 25 60 50 83 13 65 81 96 18 83 61 67 20 18 13
1 49 70 17 3 38 30 72 5 4 74 53 24 96 30 38 76 97 96 27 84 92 8 8 39 54 49 22 57 94 60 54 4 71 74 51 55 24 65 96 59 64 42 98 47 57 75 48 58 55 47 100 91 46 34 41 68 20 52 36 43 62 44 17 39 25 78 69 83 36 47 61 39 13 78 47 94 27 53 92 87 12 65 9 44 2 53 74 8 68 86 7 62 33 64 86 77 23 75 81 93 64 32 61 48 3 90 71 85 15
55 64 31 94 6 21 9 39 25 11 35 79 74 47 80 20 75 19 90 53 37 71 33 32 83 82 14 37 7 87 72 78 87 98 42 31 22 78 50 19 2 8 24 71 21 11 76 87 66 74 1 49 23 70 90 57 47 2 2 76 48 64 16 52 68 93 57 27 78 41 79 70 54 94 24 71 97 76 51 64 6 16 8 44 10 55 99 65 98 50 87 2 13 92 8 18 49 23 91 72 84 34 93 93 68 59 46 39 5 12
48 47 58 12 12 74 76 54 59 4 8 75 88 32 76 93 86 71 80 3 77 19 69 26 46 52 12 18 46 88 14 61 28 4 4 91 32 99 41 64 27 52 84 30 80 71 73 18 73 40 27 97 54 72 57 61 37 90 19 7 16 4 32 33 92 56 17 75 68 41 41 51 47 58 27 65 61 75 19 36 53 73 43 80 36 41 65 48 61 78 69 12 25 37 60 86 44 12 48 36 39 49 60 40 9 80 40 54 25 94
57 42 23 88 10 75 24 54 11 41 58 53 81 5 7 82 9 64 43 97 52 19 13 36 23 57 54 92 73 33 93 93 94 63 7 60 36 44 43 25 34 59 71 84 20 6 7 89 80 5 54 6 5 31 2 14 16 4 1 40 69 21 97 6 12 12 66 24 28 57 69 69 2 71 1 75 69 54 18 29 53 23 78 6 78 90 66 20 68 16 70 24 10 22 32 20 4 74 5 39 84 42 76 14 36 15 63 66 44 92
14 10 63 41 26 41 21 79 17 35 82 25 98 35 99 9 22 73 57 40 18 10 3 95 64 94 68 49 100 2 22 67 55 72 54 55 34 68 64 28 6 48 83 76 36 11 23 35 27 64 4 88 32 31 32 75 28 76 44 82 54 21 28 92 59 21 76 30 100 23 98 5 75 10 61 73 15 90 37 74 58 77 57 26 18 24 95 43 5 27 58 37 79 87 40 46 74 6 51 92 72 63 82 88 87 100 75 27 66 30
87 87 17 35 1 18 20 4 46 78 52 77 30 7 52 34 10 28 67 91 94 40 93 97 66 75 4 72 61 72 34 23 70 32 80 78 87 36 98 33 87 9 31 76 83 96 87 23 40 27 73 57 34 85 43 51 65 3 11 39 21 39 78 24 28 4 68 97 7 12 73 51 38 23 32 26 55 21 30 43 3 68 13 1 76 22 93 37 45 85 6 72 10 25 98 38 85 57 71 73 43 82 96 22 66 86 97 13 32 76
11 67 21 24 55 92 11 15 51 81 59 10 85 71 27 88 40 23 54 7 46 57 36 14 43 15 46 47 89 76 49 8 42 57 90 55 83 40 13 81 10 92 26 46 74 44 59 33 8 94 30 22 65 69 76 18 78 11 44 16 42 56 19 28 85 12 71 16 24 91 18 25 1 76 11 73 43 93 40 45 11 8 8 50 63 85 8 50 50 8 97 39 41 82 72 13 49 100 58 45 47 30 59 78 10 26 84 90 85 75
14 82 73 51 78 23 74 21 48 2 94 87 96 25 83 99 23 57 51 37 78 9 84 98 99 24 81 66 46 78 100 43 99 23 54 49 9 80 22 78 19 63 94 73 74 43 23 40 8 65 45 44 33 13 54 83 8 74 45 59 30 20 58 60 77 22 69 51 59 66 77 88 80 75 91 40 14 93 67 63 43 55 39 27 38 31 1 79 31 56 38 59 29 78 86 38 44 76 41 67 17 21 33 46 73 35 53 66 86 29
54 76 56 93 5 36 43 29 85 46 8 16 68 25 54 53 61 39 97 87 94 7 35 71 48 50 99 45 100 76 9 18 20 5 38 53 52 12 2 12 51 68 42 48 82 41 23 63 72 1 2 81 64 19 38 28 88 57 63 48 99 4 83 38 60 77 5 65 13 4 44 67 4 23 34 90 22 73 43 68 12 71 70 36 47 2 71 22 40 51 41 48 30 94 60 41 87 51 61 65 72 11 58 76 36 76 54 82 90 33
66 56 94 65 92 53 79 81 97 13 97 9 50 97 12 36 66 28 61 37 57 97 37 38 46 75 46 87 87 13 91 78 79 43 45 43 49 98 90 84 41 24 34 71 95 42 56 77 33 39 78 61 85 1 79 47 61 71 42 57 45 60 41 64 54 61 92 65 1 11 60 74 13 86 23 25 92 70 68 90 80 9 27 33 53 62 69 4 6 89 81 70 19 56 15 34 55 23 10 34 39 70 1 93 86 35 45 78 37 78
49 20 73 11 49 80 36 19 77 8 10 40 11 17 59 48 51 48 1 41 69 71 58 29 61 74 20 22 52 76 80 36 79 52 35 91 28 9 64 10 67 42 89 23 73 61 42 59 9 77 22 9 35 58 31 75 8 6 82 18 54 50 11 85 66 49 12 51 96 76 39 5 95 65 39 39 45 15 33 84 41 68 68 28 84 75 67 31 88 9 48 47 63 98 73 73 79 84 32 37 98 92 35 62 6 78 90 37 8 10
96 15 84 22 96 92 2 81 25 1 57 48 22 48 16 66 22 36 29 12 71 7 47 73 79 87 87 37 35 61 50 87 14 48 53 8 16 99 97 59 22 38 48 35 90 28 98 44 72 88 91 20 1 32 13 100 21 98 30 79 6 42 5 100 57 53 2 34 84 33 71 77 54 44 79 15 90 86 68 48 96 49 58 44 47 45 92 53 96 71 54 5 5 14 34 79 84 72 34 84 24 11 34 46 97 65 43 37 27 88
61 41 61 89 19 33 46 2 51 14 63 7 39 77 7 7 35 98 67 72 86 95 83 32 6 2 76 19 100 16 14 23 8 68 8 28 38 61 77 17 86 28 56 61 53 86 79 73 52 38 46 18 31 39 13 96 56 92 90 11 68 57 56 1 5 61 94 90 6 64 76 60 52 2 63 68 77 12 26 28 29 83 78 50 23 42 35 34 23 30 45 72 89 46 18 39 3 35 15 20 27 3 20 71 67 26 33 87 12 62
82 77 66 1 9 78 71 41 79 1 95 96 21 37 85 36 4 99 34 95 24 99 3 89 75 63 67 35 60 44 97 27 72 60 1 44 44 91 20 20 5 60 45 84 13 37 7 81 68 80 52 99 76 96 95 71 28 3 91 84 61 31 1 86 18 83 98 76 66 67 66 13 35 8 34 13 63 58 9 1 32 85 59 85 88 47 50 30 87 12 72 6 74 38 62 86 12 41 70 77 3 48 23 7 10 51 57 30 10 10
61 55 83 77 52 76 73 56 98 94 33 86 34 36 23 13 68 64 24 67 16 81 67 42 88 14 33 10 5 29 4 2 99 12 82 35 41 37 65 50 92 87 12 15 62 98 7 13 36 87 32 89 82 54 83 73 36 97 19 74 72 8 81 30 86 32 76 45 35 47 99 44 92 38 72 26 66 40 66 11 40 61 69 53 8 22 74 49 57 78 50 42 57 83 79 21 83 88 82 13 9 84 37 39 89 69 48 81 46 36
54 73 60 8 77 99 69 12 93 57 23 36 57 1 10 87 16 39 65 87 57 62 79 31 33 84 52 18 55 92 4 38 41 2 30 69 74 100 71 67 18 81 100 98 59 90 11 28 61 60 24 49 13 79 38 56 73 11 70 81 78 64 84 80 93 80 65 38 31 73 11 86 22 64 52 11 29 39 3 15 57 59 90 64 82 10 76 28 67 52 14 21 34 27 99 32 75 32 76 55 23 4 12 38 85 78 84 31 13 66
25 88 12 27 38 99 100 43 34 61 59 87 73 89 52 100 30 60 21 91 70 83 87 22 40 35 72 40 94 94 4 64 51 29 71 13 11 80 59 32 77 44 98 73 10 18 18 4 99 85 78 28 26 57 42 98 61 87 81 14 79 52 52 44 39 100 37 7 9 79 16 40 74 11 14 48 22 77 77 86 32 93 52 41 54 36 89 65 10 44 7 48 8 66 71 62 52 60 2 44 82 38 25 5 49 92 61 97 29 66
4 28 36 96 81 83 56 69 97 93 36 30 22 27 77 22 91 12 4 72 54 56 46 14 44 79 46 54 28 25 10 14 41 65 82 42 67 58 22 70 95 62 35 68 98 62 77 66 28 59 37 87 2 62 39 56 10 81 98 59 96 13 98 2 2 71 21 83 10 29 42 100 35 19 44 83 69 54 69 65 35 87 61 71 76 51 88 99 95 68 49 57 5 88 62 44 64 34 9 48 40 77 64 56 56 94 43 34 1 93
71 96 12 98 15 29 15 24 9 63 94 42 67 78 24 43 88 23 63 24 69 67 15 59 32 39 86 48 57 15 87 72 75 94 65 37 40 13 84 51 17 25 36 40 45 87 97 8 8 15 14 78 8 14 76 82 57 57 97 41 1 74 19 41 43 44 34 96 60 88 33 84 31 63 81 76 93 85 89 53 82 11 53 5 71 15 66 38 19 9 85 64 88 11 64 39 60 61 58 66 88 55 74 19 97 11 99 22 86 85
2 90 98 78 30 22 8 16 19 69 19 57 35 35 57 87 55 77 46 97 12 56 47 55 88 70 51 5 38 97 46 16 11 18 54 17 49 76 2 10 95 81 40 76 43 17 60 92 46 82 45 13 63 32 47 58 59 63 60 61 25 25 63 84 75 16 95 23 52 67 50 53 85 69 93 97 51 33 1 72 60 90 79 21 75 37 8 23 41 64 90 95 63 9 64 11 26 19 77 54 27 4 73 46 94 50 4 3 6 45
32 52 68 66 44 56 25 78 30 27 29 12 31 19 89 9 36 21 89 14 75 59 21 45 73 42 20 50 78 57 98 53 58 99 48 73 100 78 23 74 39 70 53 25 53 21 84 63 32 36 33 65 31 63 84 76 26 22 64 51 70 77 11 87 16 99 89 40 9 18 75 9 44 20 79 72 4 72 64 26 20 87 39 97 68 28 25 83 37 98 11 45 82 57 96 59 46 21 83 61 9 29 75 87 50 85 26 56 51 45
20 69 31 90 1 6 35 17 51 72 38 22 26 17 64 11 100 34 19 42 85 66 9 49 8 32 63 6 75 4 48 67 47 28 32 15 27 60 67 69 25 64 55 56 88 37 12 29 23 5 54 23 2 1 90 23 7 77 42 14 89 14 70 71 30 72 26 43 6 95 28 17 39 80 14 92 95 30 62 23 42 52 53 25 48 93 95 70 91 76 11 21 34 92 27 99 51 23 58 66 29 84 74 32 38 68 92 35 51 80
77 93 44 16 99 42 16 22 50 40 22 31 29 96 11 82 80 46 86 46 17 83 11 27 46 15 61 92 48 69 57 19 29 62 31 16 17 91 51 45 54 86 27 65 80 3 71 81 61 78 86 65 100 86 41 37 10 43 34 83 6 4 91 7 4 74 97 35 48 79 69 34 50 5 87 11 48 15 47 75 57 69 73 97 74 49 96 26 99 81 52 73 34 51 95 84 60 78 10 72 44 66 13 31 70 78 33 11 46 81
47 76 1 97 52 7 56 54 35 88 59 1 91 88 82 11 86 12 17 92 32 84 78 39 81 84 53 4 66 65 29 86 46 55 40 100 75 54 13 50 65 45 32 35 87 90 14 93 28 62 95 89 21 32 27 92 3 81 25 25 92 23 90 9 61 78 13 92 20 55 42 62 40 79 24 46 89 45 57 32 85 93 81 37 57 1 68 81 53 85 27 56 33 58 53 67 81 30 1 94 83 55 11 41 78 32 86 15 11 100
63 51 57 18 71 32 71 6 100 87 56 100 64 47 100 33 27 31 69 25 70 53 84 20 66 2 70 60 64 20 10 72 32 19 22 84 92 99 62 36 76 13 91 73 57 91 85 65 59 39 18 60 7 61 9 18 7 98 40 1 6 78 40 10 93 86 99 6 39 90 93 91 8 10 21 4 65 17 79 83 31 37 1 98 66 7 54 22 12 95 79 20 51 63 86 5 39 47 49 75 68 62 84 75 89 34 71 70 46 49
8 58 72 23 25 86 49 49 50 70 12 11 50 87 42 77 18 11 1 11 73 20 48 65 30 9 100 25 72 16 86 36 59 27 58 64 52 1 75 66 45 7 42 51 68 13 26 75 73 75 75 68 34 65 51 64 67 55 14 6 18 74 68 22 73 98 34 36 30 7 39 71 92 86 99 3 77 76 61 20 59 16 95 38 52 30 14 69 83 17 36 5 1 62 27 6 36 78 50 52 4 6 40 53 19 93 76 17 3 73
41 58 60 23 17 58 64 67 17 25 30 51 5 6 83 52 55 87 76 19 66 22 69 87 88 54 56 43 88 67 74 45 98 31 8 99 20 51 6 20 74 44 30 5 5 23 53 5 35 10 68 12 20 66 18 84 61 97 22 46 33 75 16 78 92 20 82 67 7 98 43 93 20 61 11 100 69 10 63 57 25 5 48 25 87 77 75 75 43 24 56 12 38 25 24 52 53 8 49 56 91 90 30 57 47 12 100 86 97 7
79 9 95 24 8 50 57 72 39 4 66 67 74 73 13 53 26 9 34 46 20 81 71 33 90 85 51 55 65 5 88 27 2 76 98 82 26 61 47 19 24 77 31 30 53 59 51 17 53 34 74 67 32 54 87 83 44 58 77 83 86 27 11 9 64 27 96 55 88 37 63 50 52 11 65 53 45 29 19 21 92 28 80 32 20 39 25 51 92 24 54 18 89 72 74 39 100 88 25 28 79 56 2 26 21 78 32 51 52 88
31 46 52 63 89 99 12 59 80 45 69 46 36 22 70 34 73 41 35 53 56 49 65 1 81 27 78 18 1 35 44 88 78 41 88 65 65 60 62 55 13 37 87 24 98 53 55 19 59 46 30 71 88 20 82 26 56 41 15 5 99 36 75 60 72 68 48 33 31 84 10 57 57 98 70 91 21 75 14 24 70 85 35 32 67 96 1 4 14 72 81 10 83 23 56 18 36 38 45 21 35 84 79 85 98 34 65 83 8 91
93 54 2 99 88 58 85 53 9 62 13 56 72 85 43 30 68 82 77 78 93 36 7 64 39 61 94 48 33 39 32 76 95 40 8 21 3 63 100 87 55 71 15 25 61 38 17 74 77 53 4 19 12 34 59 21 60 47 32 75 55 1 91 15 29 18 63 82 4 17 44 30 65 68 11 42 93 4 89 37 36 97 26 31 77 14 13 31 70 74 50 49 18 9 8 16 65 65 65 35 44 77 16 9 81 62 9 9 88 69
74 65 36 46 18 26 37 74 39 15 46 15 89 69 99 35 14 10 47 66 16 5 12 46 65 42 86 1 23 8 56 85 11 76 23 21 95 99 10 98 2 34 20 70 72 39 86 97 38 2 14 21 97 3 38 63 65 81 19 79 34 39 35 76 38 96 48 27 6 45 96 60 25 20 57 97 67 55 36 46 31 89 5 11 51 77 35 29 4 99 39 18 23 15 37 5 94 10 17 49 6 95 38 19 12 41 62 36 17 60
20 4 14 30 24 75 52 89 42 8 85 36 33 41 47 66 68 1 71 9 63 28 78 96 26 36 97 44 19 75 93 8 51 100 99 85 67 9 88 90 69 93 59 35 53 34 5 28 66 44 3 5 40 15 72 64 45 53 24 42 62 82 42 16 85 90 97 3 25 79 10 41 43 32 86 86 82 11 19 23 8 56 29 2 61 43 21 30 14 20 34 68 41 74 74 1 69 67 27 30 10 60 22 38 38 81 11 51 84 33
77 85 80 26 43 1 94 42 83 92 63 53 46 17 49 32 62 23 63 59 53 56 74 75 24 45 34 56 75 85 93 98 6 16 56 70 8 67 54 87 48 10 20 40 64 96 80 29 32 22 19 91 74 34 42 80 50 77 77 27 88 95 62 45 62 18 46 14 24 51 30 89 62 77 41 88 54 10 100 74 40 33 70 14 15 17 72 31 62 38 67 20 45 45 56 66 50 7 62 27 13 4 36 100 51 44 10 67 16 83
69 19 35 54 79 91 96 40 23 54 57 10 4 61 37 10 13 4 95 83 34 4 37 34 35 38 79 42 49 52 36 38 7 13 83 63 50 56 60 35 67 7 3 29 37 8 88 90 1 28 66 63 81 2 74 45 40 91 11 87 3 65 89 16 40 26 40 87 48 32 24 71 51 13 10 10 82 97 18 14 9 62 16 89 79 26 84 32 58 74 36 56 98 67 64 81 57 25 17 92 24 9 72 50 51 32 1 28 75 18
71 39 40 71 78 8 8 13 27 41 20 78 51 80 94 22 38 28 57 3 30 76 35 13 96 21 57 11 41 30 4 65 6 52 21 94 100 91 16 93 13 42 100 97 84 40 100 21 44 56 75 98 31 81 31 20 76 24 49 45 14 93 70 29 53 28 25 10 37 35 33 58 56 26 86 57 20 89 66 63 60 76 71 13 77 86 82 52 13 9 62 95 12 90 58 32 55 53 49 61 22 15 26 60 47 19 43 83 46 6
24 8 100 10 14 65 81 34 69 33 8 78 93 90 23 38 30 32 34 1 6 98 91 76 20 69 47 92 17 3 77 33 27 97 3 65 86 54 75 71 24 61 49 27 20 50 13 68 16 100 30 75 72 10 69 45 81 66 3 86 40 61 19 83 35 16 33 58 75 38 47 59 28 74 24 81 24 98 97 83 75 79 47 43 21 68 83 5 41 27 28 37 23 66 63 65 14 47 22 37 43 70 85 45 7 38 12 76 80 43
79 9 41 67 55 73 12 30 28 4 37 18 84 100 84 79 80 75 26 37 30 36 62 2 39 68 42 63 49 31 93 94 34 87 80 64 49 40 20 35 66 95 20 94 67 80 62 84 26 40 34 4 61 86 93 92 62 52 64 54 59 97 17 14 69 84 92 63 21 32 50 32 86 77 56 92 8 55 1 44 3 75 59 98 8 84 1 42 40 53 56 12 14 87 30 51 52 62 92 8 20 57 21 92 52 46 18 69 85 17
96 41 91 78 11 29 7 46 3 94 27 30 42 100 61 77 90 55 98 93 17 93 87 62 83 28 24 35 63 92 68 98 69 74 67 54 48 89 31 32 100 93 3 95 92 73 14 18 54 86 100 96 89 9 75 66 19 1 65 30 24 54 77 48 65 9 83 55 1 11 38 37 85 98 88 67 5 19 78 53 48 31 35 35 32 58 65 69 44 37 45 30 52 37 92 9 35 47 86 12 41 1 61 27 20 35 19 35 83 23
63 96 1 83 45 90 57 89 74 81 68 57 70 53 16 76 23 97 35 75 50 89 96 87 92 81 98 95 38 19 60 16 98 57 76 56 64 60 86 10 37 89 32 68 100 71 2 16 49 75 23 69 100 74 83 79 8 94 53 69 11 29 79 30 37 39 25 40 60 37 78 13 58 73 35 68 33 17 3 2 74 62 78 76 42 97 50 39 17 23 97 79 23 22 33 31 42 87 64 85 95 40 78 62 97 32 73 87 39 88
13 37 60 43 76 77 85 90 97 45 40 9 25 93 20 1 42 97 30 91 64 30 31 44 42 43 57 53 58 93 42 73 53 25 39 26 57 65 37 40 34 88 6 97 5 24 71 20 20 8 39 96 28 71 35 51 83 63 85 37 42 1 39 67 93 13 87 66 71 99 25 88 35 54 59 39 77 51 64 44 61 21 75 18 35 12 2 94 60 16 81 24 29 35 17 72 11 66 55 64 2 39 52 49 95 28 28 43 85 77
5 13 3 3 25 45 7 16 19 19 44 11 82 12 18 66 72 93 33 70 57 80 10 68 6 89 15 27 98 28 4 28 60 20 81 92 44 87 67 62 95 96 73 37 34 41 32 51 44 24 17 11 59 74 46 62 59 77 25 91 2 66 54 24 88 94 4 46 66 27 8 44 96 27 47 61 39 90 86 32 12 35 50 98 27 99 38 12 7 70 24 8 44 16 24 18 38 95 83 58 28 93 31 35 79 45 6 28 93 66
70 8 90 51 69 97 40 35 87 23 45 100 72 95 73 79 69 99 4 54 63 4 60 27 53 78 98 62 15 32 2 45 33 55 70 3 18 35 84 81 13 64 100 20 17 72 29 61 66 61 18 48 61 25 89 39 6 61 56 27 61 33 41 74 51 78 62 62 54 95 60 11 67 71 80 91 78 94 76 52 10 1 87 99 47 99 73 67 25 40 2 93 4 12 34 79 62 8 20 64 29 56 64 67 26 93 87 69 3 10
20 84 55 64 40 33 39 56 82 68 48 35 7 41 64 92 6 69 79 95 18 37 33 67 78 75 81 15 3 92 98 81 84 96 76 16 63 3 48 99 38 34 66 6 3 46 84 7 99 72 75 72 15 71 82 14 73 20 26 12 1 15 13 71 23 94 74 14 99 12 78 38 78 88 2 50 62 15 96 24 33 88 38 36 60 16 84 27 64 56 25 37 66 44 35 84 62 48 85 69 36 5 2 57 94 75 92 77 6 42
29 21 54 22 65 94 40 37 57 47 82 41 36 74 14 67 9 11 26 31 81 20 81 27 10 50 99 18 47 39 22 59 19 31 60 89 95 24 32 68 28 18 75 32 40 57 41 59 55 30 34 89 78 75 71 47 34 36 1 61 9 35 26 4 22 34 86 9 80 36 94 96 46 35 33 53 65 70 20 43 24 19 35 83 35 16 30 74 38 75 77 82 13 61 43 48 88 89 28 45 2 11 93 87 13 5 56 75 85 65
78 47 43 79 14 8 1 77 55 17 60 80 4 46 20 45 22 12 85 86 39 21 28 69 50 5 12 60 82 6 44 20 55 57 22 11 41 19 73 91 74 78 35 29 32 74 37 63 32 49 37 19 36 1 25 38 12 7 99 41 39 24 19 88 48 94 44 95 60 78 74 45 54 37 8 52 93 84 72 14 1 49 88 15 95 65 80 23 23 15 13 35 79 44 78 43 13 56 31 68 50 46 97 43 100 94 16 52 69 22
59 72 63 87 78 80 46 52 2 9 89 97 77 28 94 7 55 33 66 53 3 29 95 11 46 52 28 95 79 17 88 40 70 74 67 42 79 9 2 46 89 40 79 75 32 32 79 33 55 37 71 41 16 27 86 79 16 3 23 67 76 8 93 72 99 90 14 59 23 7 2 24 74 5 58 23 93 29 40 42 90 10 69 31 30 48 10 41 18 3 83 9 74 70 61 100 99 1 52 23 9 79 51 42 79 22 86 6 38 45
26 63 69 63 82 7 8 93 37 54 2 85 39 90 43 63 55 11 13 6 16 83 1 86 28 80 99 36 38 49 17 61 11 48 5 33 13 10 38 14 44 34 97 53 17 20 100 21 15 78 98 4 10 76 84 29 61 28 68 28 92 84 17 36 31 67 37 60 59 89 64 51 66 97 10 91 75 72 63 76 45 28 98 65 61 23 76 41 90 79 73 4 100 76 100 64 25 88 64 85 91 38 4 50 49 1 91 1 67 34
82 78 8 33 91 64 63 10 100 60 56 57 26 72 32 76 22 36 46 44 17 67 88 63 25 73 12 100 62 44 34 90 2 38 38 38 40 37 50 49 20 18 24 38 61 85 71 79 87 6 18 87 79 37 65 11 3 15 11 16 64 31 82 57 49 85 55 20 30 74 17 90 49 5 89 11 58 34 69 22 45 79 37 28 35 19 73 71 54 29 75 91 46 99 80 17 21 87 28 28 81 86 87 21 79 58 97 25 69 67
36 43 97 62 8 51 7 94 24 94 47 74 47 85 4 67 87 32 37 21 11 89 86 61 54 38 82 2 96 23 29 33 65 73 71 91 50 42 39 86 32 7 37 72 7 33 95 94 22 84 53 31 22 20 78 73 37 77 79 2 47 34 87 8 24 23 64 28 41 37 93 39 7 52 27 29 65 89 80 46 16 20 45 19 83 14 34 85 22 50 4 45 99 57 88 45 56 18 32 82 61 7 39 49 5 80 11 12 49 19
13 30 56 88 48 48 91 23 37 19 34 3 86 98 27 70 20 64 75 20 100 30 25 16 94 62 92 43 23 82 38 44 79 86 57 14 42 54 99 19 55 40 25 65 52 90 83 100 36 9 10 33 12 97 78 12 13 8 45 78 94 85 49 65 84 52 72 56 37 90 81 88 92 58 12 51 29 96 32 99 85 41 63 91 62 28 80 40 8 67 2 13 42 14 57 88 2 35 18 69 19 8 49 100 9 33 50 98 37 51
44 7 91 32 75 30 82 70 23 37 52 17 99 97 54 44 4 38 97 88 54 78 71 29 24 22 13 55 40 87 13 42 33 1 64 89 56 5 29 33 74 25 82 32 20 83 55 33 100 91 57 82 35 14 18 63 25 44 10 54 47 13 56 7 97 17 33 76 91 36 45 20 62 75 86 84 88 19 15 5 86 65 35 4 61 2 34 91 57 39 31 98 26 1 63 68 95 14 52 73 12 18 38 35 6 5 11 33 58 61
43 60 96 99 73 22 93 2 2 59 83 92 65 46 40 66 75 10 88 4 25 68 66 37 71 44 35 32 40 84 80 90 7 50 85 30 72 37 15 19 46 89 74 24 35 65 27 19 99 27 74 12 2 33 51 42 36 77 42 8 99 48 7 20 28 85 38 81 40 14 91 26 85 94 23 73 26 23 32 29 84 25 72 18 48 90 75 77 66 6 69 64 79 48 7 70 92 26 39 30 71 5 87 74 70 74 11 46 54 80
93 75 23 2 12 55 55 84 89 24 91 10 83 52 9 91 25 76 66 10 31 76 87 34 91 3 62 34 39 31 77 99 69 62 16 74 75 8 12 46 86 94 19 71 39 11 83 52 96 71 96 79 23 76 30 1 8 82 51 78 25 25 21 74 39 78 59 67 85 97 39 53 43 39 44 39 36 71 4 50 77 55 43 16 62 27 23 43 29 41 52 54 61 32 82 45 4 40 41 59 87 3 57 15 14 10 7 51 90 42
49 72 60 100 57 23 92 57 85 33 41 12 23 97 44 12 39 68 94 50 12 89 5 17 43 13 85 100 5 89 84 73 64 44 99 21 26 79 14 32 38 37 88 84 93 62 89 12 86 71 19 49 85 62 19 100 52 63 9 78 51 1 28 74 89 16 16 17 77 48 30 84 73 19 33 17 89 57 54 64 54 37 85 58 79 71 89 57 43 17 55 51 98 18 64 28 55 3 61 65 70 91 10 56 94 21 14 15 48 42
77 36 21 2 49 44 22 30 40 11 99 64 30 77 20 55 48 96 2 59 53 57 62 92 43 81 28 76 73 84 69 60 87 70 20 6 39 59 26 62 82 35 22 58 28 66 51 83 24 31 64 5 87 22 15 97 43 16 68 60 86 77 36 35 28 78 19 26 28 33 18 80 89 50 76 66 91 8 93 92 59 46 66 100 27 70 80 14 20 41 21 2 22 36 50 24 11 28 81 16 81 31 50 26 49 97 76 4 75 64
95 91 41 14 5 67 6 58 12 42 83 2 48 59 95 54 62 22 88 34 98 98 84 56 12 97 31 58 70 2 1 19 29 53 20 76 83 86 40 86 13 71 30 89 5 57 2 22 72 56 41 94 12 13 66 26 29 73 24 100 81 65 30 85 80 77 69 72 39 26 11 88 57 48 1 6 24 26 43 11 8 65 7 69 82 25 29 93 100 87 30 1 39 14 77 28 77 59 69 60 61 27 11 37 27 48 67 96 7 76
67 72 93 13 5 3 11 8 62 65 11 76 96 58 53 41 46 23 22 44 45 44 53 9 71 56 26 84 85 41 68 76 89 87 43 98 2 29 56 21 45 74 33 54 89 87 77 64 4 43 72 73 27 40 53 55 59 54 20 41 52 7 56 5 36 45 31 73 56 33 14 30 96 35 98 38 80 76 72 73 41 42 71 62 83 23 24 71 8 25 43 93 77 41 18 87 53 75 63 5 63 59 4 73 5 64 28 42 77 77
38 27 55 30 75 10 28 23 15 56 54 11 68 26 30 89 5 2 56 55 90 14 45 20 76 56 52 4 35 73 20 94 4 21 96 24 48 62 54 94 100 28 26 73 92 63 29 23 90 89 48 54 79 57 63 94 13 55 15 56 42 10 53 3 79 22 83 50 45 88 12 19 1 53 13 91 97 14 82 79 66 34 3 91 16 47 84 26 66 20 3 61 5 51 94 25 79 87 30 89 87 48 80 1 67 89 99 38 7 61
21 82 10 95 47 66 27 96 42 8 38 69 69 68 40 25 68 41 74 58 31 59 66 23 4 64 36 95 68 11 84 41 11 5 62 11 95 17 19 67 100 91 19 35 21 17 69 75 97 12 87 66 74 52 80 43 50 73 2 20 51 77 16 5 6 46 15 39 47 91 16 26 7 81 79 83 26 40 76 40 32 94 64 74 28 78 39 99 31 81 49 88 16 47 43 43 98 74 39 65 13 1 64 13 24 70 50 11 41 8
67 91 47 99 9 10 52 61 94 44 57 1 8 40 39 55 74 42 68 97 11 93 29 74 17 69 69 41 2 94 21 21 35 95 23 63 94 44 95 62 68 92 81 29 70 69 38 32 51 96 23 33 48 60 21 16 9 13 64 36 32 59 36 54 38 14 40 81 36 87 48 38 64 60 35 93 41 20 47 81 1 57 38 81 15 90 51 11 73 94 58 56 21 91 16 31 86 92 65 10 42 30 55 100 69 93 94 15 73 93
64 86 28 45 86 8 49 39 69 11 31 10 24 18 50 99 77 70 53 1 80 21 45 97 79 56 80 47 28 34 90 33 57 6 54 75 22 41 81 85 41 10 37 73 56 52 18 4 86 29 63 7 84 34 46 93 33 13 48 97 15 18 74 57 68 63 26 27 100 47 55 81 28 18 63 24 2 66 90 41 33 42 32 5 24 93 19 56 2 91 36 83 68 80 26 14 3 51 76 23 78 52 51 9 98 31 9 100 30 84
38 92 45 61 35 72 21 52 46 4 42 34 13 11 31 86 47 18 27 9 88 30 7 15 4 32 47 38 80 86 85 58 22 55 95 22 37 35 68 74 33 98 23 94 74 79 30 96 56 33 39 90 50 91 60 21 5 61 57 51 1 69 90 5 91 77 64 10 61 35 53 80 44 96 30 74 42 97 99 60 38 64 33 92 74 95 66 45 77 5 41 16 32 82 94 90 33 49 81 26 54 11 73 78 61 81 49 57 78 97
91 6 63 96 53 65 48 89 51 23 58 34 56 24 98 67 97 28 17 97 13 93 6 35 52 54 20 55 56 97 58 58 23 30 1 28 47 54 38 19 20 19 34 55 49 50 49 66 25 35 83 97 45 83 64 68 82 75 81 26 59 49 79 81 33 100 28 91 13 42 14 20 76 13 72 63 98 54 88 96 96 14 62 89 62 33 6 34 16 54 50 3 86 52 41 10 98 24 8 2 60 84 68 2 27 82 95 1 68 11
36 19 37 17 21 66 90 80 34 18 97 97 93 78 74 15 72 43 26 88 76 85 25 31 50 31 23 12 45 78 29 88 32 58 33 33 48 83 92 20 44 18 74 35 58 60 26 8 27 64 53 53 99 26 63 28 65 31 74 100 30 24 79 13 60 70 31 21 81 13 70 26 63 4 27 55 44 29 99 81 27 54 43 27 96 44 8 55 25 31 61 42 14 95 45 4 9 96 98 78 89 47 40 9 50 19 88 15 35 34
52 26 60 50 92 44 12 40 26 87 47 88 64 4 6 54 68 63 27 82 46 98 59 59 82 60 52 35 70 43 32 94 64 74 9 70 76 52 70 24 30 99 45 51 20 76 20 20 15 36 76 16 71 48 22 45 16 21 13 68 30 84 3 49 26 88 9 40 57 4 71 88 86 7 72 100 59 21 4 18 29 39 61 30 31 98 12 13 37 51 11 73 35 45 84 89 55 48 77 35 29 84 84 34 83 4 82 20 72 65
91 39 7 38 98 23 76 37 21 86 61 69 55 20 65 98 5 23 32 68 73 71 72 39 60 22 52 88 98 27 54 95 70 84 79 64 22 75 75 45 49 17 40 63 96 87 68 3 92 55 65 60 12 46 58 16 88 25 62 15 99 25 57 48 22 48 13 49 59 78 1 93 97 96 68 70 67 41 92 73 12 32 59 28 36 42 60 71 77 6 67 80 20 55 9 5 42 52 13 38 28 95 83 93 88 86 76 44 43 16
89 17 26 5 66 43 7 13 61 80 81 79 31 32 99 71 9 38 72 43 98 89 35 79 28 15 77 30 30 60 86 79 96 9 55 69 33 90 57 48 16 36 87 28 68 16 50 37 99 24 56 40 77 91 41 36 36 5 68 93 99 100 27 68 37 19 26 65 98 80 3 76 53 99 78 80 82 83 24 5 61 80 86 11 88 26 43 97 1 53 94 13 17 33 45 84 8 55 72 39 35 22 36 40 93 13 43 36 77 29
48 96 35 98 79 36 16 50 96 6 70 85 69 74 12 57 42 13 32 45 9 34 94 68 35 8 57 9 19 24 41 20 33 19 36 93 49 66 68 58 71 57 53 36 96 61 44 70 97 20 53 98 57 55 30 16 74 59 61 53 49 98 79 37 99 39 45 54 54 53 96 70 93 52 55 21 73 73 57 7 93 63 56 16 81 43 16 25 54 98 64 17 88 69 60 22 51 11 52 94 75 22 89 74 40 21 53 25 27 23
56 60 34 2 84 67 66 4 79 97 60 49 75 28 57 69 78 93 22 7 42 79 89 11 80 7 53 54 86 26 91 65 2 73 62 84 78 71 45 68 87 5 61 29 48 56 42 94 93 48 19 76 28 39 91 46 20 67 70 45 56 4 75 7 14 4 77 73 8 76 97 86 90 6 52 40 24 33 95 97 11 54 6 5 38 59 46 3 82 86 39 24 45 74 48 54 11 58 12 2 37 69 19 53 12 13 89 5 63 54
25 93 33 26 82 13 42 28 4 99 86 19 73 96 49 25 6 40 91 2 63 61 55 75 10 25 68 8 90 48 14 10 46 25 11 24 4 72 95 90 38 38 60 73 81 98 37 66 82 21 76 55 31 86 21 14 31 41 73 29 62 82 83 3 25 78 26 17 18 91 94 47 1 43 27 28 87 27 47 35 37 7 28 1 95 89 56 73 41 33 1 18 81 93 41 23 100 84 85 10 82 48 100 46 28 61 90 69 10 35
19 91 26 34 96 28 53 95 18 83 3 98 57 88 23 98 47 74 90 3 88 5 77 25 44 14 13 83 71 75 46 83 45 78 88 90 54 95 4 85 4 24 8 62 44 59 53 82 21 6 56 19 78 91 44 95 46 73 79 71 60 51 86 13 38 10 55 24 76 23 72 35 93 35 25 95 67 73 99 97 32 47 8 70 85 57 17 44 57 74 83 22 34 30 28 17 70 90 53 47 94 20 58 62 13 16 69 59 28 65
30 23 10 33 81 46 29 96 34 38 13 92 37 35 75 11 52 98 58 34 34 30 62 90 15 44 97 43 86 24 34 83 14 55 56 56 88 86 38 27 28 100 81 63 7 38 68 76 6 70 91 85 24 9 24 98 19 34 2 93 41 92 48 18 56 61 53 8 79 90 30 88 5 6 30 36 47 69 80 29 39 20 70 93 38 58 51 70 9 89 97 34 84 35 33 49 21 50 43 36 13 77 90 5 77 8 86 64 52 87
70 22 47 85 81 30 50 20 18 51 34 15 24 19 95 10 3 77 75 12 34 53 33 97 77 48 76 39 67 89 87 7 87 72 20 8 9 14 10 32 97 35 73 5 19 34 72 25 87 87 70 89 36 75 35 49 97 3 62 50 56 83 23 93 85 19 64 73 83 48 65 86 21 43 99 31 39 5 24 11 86 25 41 32 75 80 36 74 28 18 25 44 62 11 19 20 63 44 97 86 88 52 76 58 14 99 6 94 82 96
3 93 69 94 18 91 4 82 78 9 7 20 72 42 30 1 57 2 76 61 48 91 69 10 34 53 43 56 93 46 71 21 4 30 17 14 24 96 17 20 61 70 58 91 62 10 76 44 80 69 70 40 55 61 67 92 65 53 45 75 21 28 15 40 51 32 84 71 6 17 43 26 78 52 73 69 89 92 24 11 16 40 65 73 93 72 35 49 5 78 72 20 89 93 93 7 54 35 93 88 47 51 92 65 64 64 86 100 25 88
62 95 53 31 8 26 55 58 78 57 53 16 71 30 52 6 13 17 86 12 67 25 33 40 52 86 35 51 93 81 10 76 35 11 65 27 98 87 97 35 100 61 92 88 11 66 92 60 29 79 12 67 17 42 42 81 79 55 90 39 1 70 64 40 77 1 5 5 32 37 83 51 47 56 56 91 61 66 90 95 94 24 21 14 86 62 78 44 61 63 27 42 65 61 89 26 36 51 44 20 60 78 66 9 88 55 56 67 19 93
82 9 7 86 96 4 99 83 23 32 21 16 22 79 34 40 100 29 91 8 31 90 2 92 30 96 93 79 28 20 32 88 58 92 14 19 23 37 63 33 81 41 67 44 67 18 4 85 84 71 100 33 73 83 20 64 60 69 46 41 31 34 19 71 49 77 55 31 5 82 52 30 52 50 60 29 55 52 40 65 47 60 39 41 73 14 39 81 72 14 98 22 94 84 60 94 90 54 24 15 41 86 100 59 59 86 59 75 45 46
64 76 68 98 29 98 70 20 54 76 45 20 57 1 95 14 13 65 20 89 13 63 61 75 72 70 65 55 5 24 27 13 34 47 11 19 7 73 71 24 25 69 100 23 89 3 11 99 43 48 99 76 81 37 54 6 47 84 54 78 87 1 78 52 70 18 90 58 81 22 77 61 27 61 45 96 22 65 53 76 21 89 77 37 7 43 34 95 9 48 17 8 84 50 54 31 10 74 32 80 87 57 77 79 19 28 42 89 69 62
10 40 1 60 64 69 91 51 72 92 11 19 49 17 95 36 23 71 27 87 5 52 20 3 49 76 38 80 80 43 28 54 5 82 85 95 52 51 17 18 29 22 6 76 17 93 72 5 29 82 52 59 53 8 36 95 63 64 53 69 80 35 33 54 1 18 88 63 33 64 73 3 15 80 55 54 93 92 91 47 68 49 100 10 2 21 90 12 85 57 6 64 2 45 64 20 96 88 52 70 45 8 100 90 48 25 56 24 74 54
72 45 21 92 14 39 61 1 46 22 75 34 83 39 76 7 5 65 4 5 33 69 45 47 9 41 66 15 80 73 32 83 89 35 26 7 72 55 54 40 39 88 6 36 27 50 9 77 75 75 17 92 38 83 95 39 30 24 98 33 74 55 95 59 66 19 46 5 25 41 36 68 82 41 23 21 83 100 33 20 72 87 52 24 84 7 41 58 21 58 77 43 96 14 39 59 79 37 2 82 50 2 86 84 90 84 6 91 42 52
11 32 91 50 31 93 78 17 39 27 87 71 33 96 45 24 51 66 35 95 50 10 40 80 9 98 52 87 27 99 69 7 40 28 29 53 69 45 83 95 18 47 72 11 90 79 39 37 41 3 84 8 38 40 70 86 100 68 71 69 8 96 89 31 98 32 65 85 19 6 22 54 57 21 15 26 37 78 20 57 92 10 55 5 24 10 56 88 58 49 27 5 64 50 76 100 85 97 35 45 13 19 12 91 2 85 54 98 79 15
51 75 38 77 41 17 26 11 86 98 95 52 69 53 66 69 99 22 82 71 78 58 80 57 8 83 22 52 64 79 36 89 16 52 72 16 98 3 63 77 86 32 48 4 70 85 18 57 24 24 35 33 77 33 73 42 82 4 35 43 100 30 74 3 57 12 5 52 89 55 98 68 95 86 83 30 14 43 74 23 92 37 92 91 21 73 49 94 65 39 1 27 29 17 22 96 11 99 47 88 69 27 50 71 52 80 70 27 3 48
41 40 85 96 52 3 10 83 36 45 18 74 18 37 52 74 21 49 33 45 7 37 20 89 17 18 75 66 26 81 14 54 40 23 25 33 69 35 30 85 42 73 17 21 27 48 35 73 28 10 74 13 51 25 8 14 20 16 2 69 38 83 44 65 92 53 88 95 12 40 28 5 63 93 47 66 26 26 51 98 13 57 20 52 14 1 18 13 47 21 77 41 55 65 81 47 29 5 86 65 11 31 99 53 90 45 11 61 54 90
53 70 60 74 54 15 27 40 45 78 24 55 46 90 47 4 84 5 99 87 33 53 17 68 41 52 9 7 57 67 100 93 57 59 61 26 31 24 41 19 89 76 91 53 24 22 82 64 14 49 69 12 21 14 89 20 89 44 2 12 3 68 18 23 37 78 43 69 31 36 39 78 27 98 30 3 34 78 19 59 26 37 58 43 72 95 55 99 83 84 19 60 59 27 96 30 29 24 58 92 95 7 69 67 77 52 66 36 33 96
44 98 28 77 76 93 8 73 35 84 10 51 36 18 86 26 17 71 62 42 25 93 93 54 80 21 34 81 95 57 41 10 92 32 16 43 69 34 77 62 98 8 5 56 18 13 58 51 75 29 79 92 18 1 41 96 22 71 10 50 69 49 55 76 6 17 41 28 96 86 70 36 15 26 6 45 59 45 23 63 73 59 63 58 51 85 66 79 57 18 63 70 33 49 11 86 4 63 79 60 23 52 94 20 91 59 89 91 100 3
70 26 16 85 25 55 12 90 84 39 53 35 9 71 46 74 52 25 95 86 4 29 49 89 78 26 84 45 41 65 65 40 62 84 70 4 90 49 79 65 5 70 55 40 92 83 54 3 18 55 30 16 92 5 47 79 24 73 18 95 66 85 86 7 22 26 33 51 77 73 74 86 5 71 98 35 35 1 22 17 81 3 59 26 64 18 81 18 69 11 3 61 16 82 28 11 10 77 2 6 65 87 47 21 58 48 77 82 53 43
18 32 46 23 72 21 57 15 78 27 46 73 74 27 84 7 93 83 37 16 80 71 78 36 55 75 66 95 46 4 21 20 7 94 45 49 32 17 83 8 25 44 1 16 73 99 31 97 46 45 66 96 27 64 13 64 72 17 80 26 68 65 81 80 84 23 70 65 90 5 59 5 18 9 22 23 30 43 93 3 99 15 92 14 85 1 11 34 50 56 2 34 36 37 35 18 11 35 61 47 87 50 42 29 55 35 19 14 1 95
91 58 55 64 25 31 40 70 89 87 54 87 24 80 27 41 53 9 19 97 1 14 40 23 61 67 83 23 27 92 70 36 78 29 18 14 58 38 44 96 37 60 9 100 71 22 12 35 61 26 40 61 55 65 3 3 58 7 53 15 73 55 24 62 3 36 26 92 52 18 17 66 29 80 47 45 1 35 81 37 50 49 57 70 42 55 48 81 93 11 90 12 28 9 85 52 73 21 83 49 94 15 17 61 82 16 9 82 76 65
80 22 33 39 82 21 58 76 14 50 14 64 97 4 29 71 65 24 12 85 80 36 10 96 27 45 96 87 95 83 66 95 41 39 6 43 83 54 48 38 47 80 60 29 29 64 64 93 18 75 8 86 71 67 8 20 41 51 43 49 32 97 15 65 98 61 9 75 94 37 64 81 38 87 42 12 24 94 26 52 50 81 97 70 90 61 82 52 51 56 62 21 17 19 50 40 96 75 30 17 34 64 13 94 37 76 58 77 76 80
